# Created by Octave 4.0.3, Fri Apr 14 13:39:54 2017 PDT <oshanker@materialtree-lm>
# name: nn_params
# type: matrix
# rows: 4601
# columns: 1
 0.06027510794497325
 -0.3412855336263091
 -0.1128972757202495
 0.04898888483214984
 -0.3516887227933468
 -0.05785104769220242
 -0.01405424786712225
 -0.3625494323309982
 -0.06491607613539438
 -0.04323571251554358
 -0.3593451856652112
 -0.04553839911471144
 -0.1081203532275114
 -0.3599247455119844
 -0.02891050584322725
 -0.134367819419832
 -0.3412139460960538
 0.1332832373765893
 -0.1967170691100907
 -0.318959228479795
 0.1542683193487719
 -0.204078062116372
 -0.3090731353579654
 0.1655480089601077
 -0.1673130645388559
 -0.2619129405286919
 0.1283860965873186
 -0.3205933940256699
 -0.2028235039083226
 0.1695530587469975
 -0.2331893211685604
 -0.1953539938219025
 0.1612702148743842
 -0.3666947132359781
 0.1050272057765647
 0.09093719908366289
 -0.3039654474035697
 -0.1281867880012755
 0.07371258036925697
 -0.3603020398161776
 0.1020989205484278
 0.004164042944651443
 -0.3455157020053454
 -0.05324231299765952
 -0.02388755877257429
 -0.3641648270817325
 -0.04578928041168029
 -0.09418006343169209
 -0.3560701817840974
 0.0008542905859284663
 -0.1299454812350658
 -0.3578998665351677
 0.05948790253560166
 -0.316507798156337
 -0.3357670724476986
 0.06825885031647058
 -0.1910951202249872
 -0.3133024299876196
 0.1177809597317375
 -0.208674740606084
 -0.3007700581779771
 0.1336960703656547
 -0.2938343165884196
 -0.2687486558953229
 0.1678454564520302
 -0.04764589261857251
 -0.2238337029706385
 0.1494391283508086
 -0.3754796282223599
 -0.178632956761308
 0.1150888396367269
 -0.266840727916326
 -0.1422888484278933
 0.09470905800327788
 -0.3623313388980559
 -0.08404956420076694
 0.03769052780047315
 -0.31830060136538
 -0.06268579288992247
 0.02936565992304824
 -0.3366422103268226
 0.009662338401367753
 -0.04187039904333425
 -0.3379485685687377
 0.03283792529457528
 -0.1021706324858127
 -0.342877568608337
 0.05841022226288824
 -0.2506283692032621
 -0.362935016693511
 0.05717080667441552
 -0.1742302718779441
 -0.3265199569006683
 0.1149814509417622
 -0.3369213961858211
 -0.3470273309859637
 0.09066459747339542
 -0.2742100568008306
 -0.2760641522890796
 0.138243597722236
 -0.04701156931493625
 -0.2305550615206491
 0.1249840826246597
 -0.2929061340064235
 -0.2171081092408655
 0.1308346730609841
 -0.09429175761333414
 -0.06036560827085004
 0.1106746571870865
 -0.3218239858272167
 -0.1449881548408372
 0.07835328932683597
 -0.3054916017402677
 0.01681878687421634
 0.06146498946452808
 -0.3102370476462039
 -0.06123281537266274
 0.008814068987230817
 -0.3012125715828964
 0.007766440551869384
 -0.01592946578249125
 -0.4013612807834461
 0.0374869044322492
 -0.08180181246611649
 -0.3511241361056691
 0.07092732246057241
 -0.1228019689105298
 -0.3413309404973323
 0.07105161844758845
 -0.2301634627290578
 -0.369668476753957
 0.09780018947123645
 -0.1975490318363015
 -0.3293600316510591
 0.09814959726543837
 -0.1623416061519712
 -0.2789977965923034
 0.1129440376391184
 -0.3429810781974045
 -0.2527748751235972
 0.1138065402912314
 -0.09713626121477698
 -0.1737075919133494
 0.1095406286674676
 -0.3482114808694954
 -0.1950785566230614
 0.09940930642945321
 -0.3074935854009733
 0.2754729785022187
 0.08038212830477034
 -0.3684076736684063
 -0.1107214861745133
 0.0516105058461122
 -0.3037982025467179
 -0.001877535017469439
 0.02862731498292525
 -0.3523564961868429
 -0.03947932238953555
 -0.008902672391050477
 -0.3154630817159707
 -0.02456098264783628
 -0.04342097754288988
 -0.3254314099271555
 0.00789429268042369
 -0.08394492427876472
 -0.38178910238496
 0.1076959485512077
 -0.143710851135093
 -0.3617865643567491
 0.1028440273500865
 -0.1448500233476676
 -0.2741352450269263
 0.1402332515165498
 -0.2434000355518081
 -0.3004472458428002
 0.1207821648513978
 -0.1949837783051588
 -0.2133800353744776
 0.1385615123635802
 -0.3555076178743752
 -0.2377462648867552
 0.1151740014302295
 -0.2682569610534051
 0.07658168078164626
 0.097049880787032
 -0.3608800032071927
 -0.1386401903395694
 0.07715139962325822
 -0.3121946394186482
 0.1371584536189062
 0.04169662421046234
 -0.3556835600714601
 -0.1095950509732994
 0.02184725983359201
 -0.3382144894059322
 -0.0909691651780086
 -0.01440162365618513
 -0.3394174731141579
 -0.03308132173025966
 -0.04738174590872758
 -0.4546370089671652
 0.01599709098003657
 -0.1623656233613763
 -0.3746614337613883
 -0.002267705515369362
 -0.1595804712892994
 -0.3939730424407636
 0.01300182694538177
 -0.2465005643060287
 -0.328480404127188
 -0.02454980122825749
 -0.1323782562878091
 -0.1516169921481946
 0.05923301578497535
 -0.3468759610321543
 -0.2332782221405603
 -0.02262686054293369
 -0.3138189079925726
 -0.155287928449173
 0.07654759758077262
 -0.5067992563900012
 -0.09454969166187928
 0.1163600489565007
 -0.3752187723053262
 -0.1623276780270224
 0.05510411568359073
 -0.3201471048881346
 0.0284619393216328
 0.0642525750027254
 -0.3985647771965954
 -0.1277366617930063
 -0.01868129170178639
 -0.1813914874562029
 0.08642801631524452
 0.1161304087444467
 -0.4737061352708801
 -0.007711832396227971
 -0.1019675413089035
 -0.4011703232191673
 0.06168032540410491
 -0.03043316081335344
 -0.438375700895283
 -0.01423330302723657
 -0.2035437465578213
 -0.3711638296462952
 0.04104620259772614
 -0.1446852161066281
 -0.2820634465936973
 -0.0359451079544094
 -0.295339598431168
 -0.3952907689411259
 0.06405082255655938
 -0.2717430068420002
 -0.05388341013531929
 0.0185501563082514
 0.03808159952660958
 -0.1215305439882411
 0.08138154242129579
 -0.3775569415992526
 -0.04858419149263994
 0.135469963629014
 -0.3355249205913811
 0.1353261043029359
 0.05202159441631821
 -0.4113921616733836
 0.04165640387062642
 0.04370254221310929
 -0.2721581129114314
 -0.09301532561429464
 0.02021043043306923
 -0.4467161370168273
 -0.06009331058321625
 -0.024441317002556
 -0.3574634790406838
 -0.03634657171724116
 -0.05104418543815292
 -0.4536518998049707
 -0.000220372960236861
 -0.1289184466217426
 -0.3809524452247928
 0.1873013438753981
 -0.1962756570717652
 -0.3861927551822348
 -0.07175675337265525
 -0.2415728738790076
 -0.4129534433444884
 0.1534651717234527
 -0.2659750557967159
 -0.09205090977523571
 -0.09151082868227842
 -0.2866874106754851
 -0.2111115908768673
 0.1078431231342274
 -0.2784376084865435
 -0.2599182177573207
 -0.01842575246891767
 -0.3655374088870056
 0.1249063833812514
 0.05863499834010168
 -0.356701976405285
 0.08291495504758147
 0.1378326515816253
 -0.3236300147324567
 0.130011762593147
 -0.006536898413204293
 -0.3527205808360442
 0.3100748166927836
 0.1132619787727892
 -0.3033882694409574
 0.1947598218747986
 -0.05919538401046438
 -0.4232830345835082
 0.05356015576403959
 0.0451109838568069
 -0.356976872729755
 -0.07295983907686174
 -0.1515031920003412
 -0.3963307011591982
 -0.2411767052953316
 -0.2124291247541443
 -0.3340537159736496
 0.1355611430033417
 -0.2471815534340793
 -0.2074007493560455
 -0.2543387708753028
 -0.2695783227523654
 -0.2655017025061687
 0.1578614356049257
 -0.2793838691548751
 -0.1104768295432812
 0.00292769703065454
 -0.3031937174696181
 -0.1003811551358439
 -0.1464192612591758
 -0.3325685328353403
 -0.1378110079667332
 0.3613206387068859
 -0.3439858774368861
 0.07295596149037133
 -0.02243795908793865
 -0.3538146165751062
 0.01650495315548182
 0.1022917691172252
 -0.362932956833365
 0.1328743113544936
 -0.06452560931973814
 -0.3743641188004301
 0.1719420106108137
 0.04194399072332974
 -0.35445602353108
 -0.2171270702325117
 -0.1362158377325097
 -0.3648613050665054
 -0.1801178187894035
 -0.07341107763461394
 -0.3292719945677209
 0.3649932203482879
 -0.2276978662165113
 -0.3041030362152003
 -0.2192003188743621
 -0.1303398678718376
 -0.2767109833772617
 0.3896796174767627
 -0.3007187431441102
 -0.1997851290614958
 -0.1521604537405534
 -0.2848597008628277
 -0.1981259309573093
 -0.02872474025182666
 -0.4082649581978442
 -0.150356615949951
 0.5665044887892572
 -0.355337514304857
 -0.05271795039576325
 -0.1904804446339779
