# Created by Octave 4.0.3, Sun Apr 23 19:21:27 2017 PDT <shankero@186590ccd8c1.ant.amazon.com>
# name: nn_params
# type: matrix
# rows: 4601
# columns: 1
 0.0867341028132516
 -0.3516058226577883
 -0.1679514632979336
 -0.0008281111364802389
 -0.3372467714879028
 -0.07601695195224575
 -0.03451043762404805
 -0.3148876712633109
 -0.08931664801037144
 -0.07151893253852806
 -0.3712677349400378
 -0.0490879726034458
 -0.244081144328667
 -0.3624010386986081
 -0.1393097169843636
 -0.1685531584223793
 -0.2814245225351705
 0.227092152440325
 -0.359115996425904
 -0.2969952761403706
 0.3269507483083873
 -0.2246512417084585
 -0.3048903053942792
 0.3001671354772113
 -0.1981700714977914
 -0.2541331643096003
 0.2054219327480138
 -0.2813440903226803
 -0.1880483847439236
 0.2632742290527482
 -0.2133753744117248
 -0.1991948209153623
 0.2095824828669779
 -0.2138068528107727
 0.6863975877970261
 0.07577976140412937
 -0.4050582782087768
 -0.147409695393874
 0.03862929764639986
 -0.3396348243712294
 0.3596496537952101
 -0.01775345555502569
 -0.3450510399233659
 -0.06081163131605277
 -0.08084393098615925
 -0.3275869010824132
 -0.07319268655564506
 -0.2280407257441467
 -0.3356733651113856
 -0.03172727795570645
 -0.2548128611817085
 -0.3298656707166004
 0.0602382588987638
 -0.970070509406791
 -0.2947105682869585
 0.951296364044552
 -0.2505425298170665
 -0.3042417024351932
 0.1065555086337291
 -0.5050899278066988
 -0.2558160644460545
 0.122348410472717
 0.08933694090179105
 -0.202165229960544
 0.265957352493022
 0.1010702138096263
 -0.1999112409876553
 -0.1338549805691619
 -0.41964786389428
 -0.1672096149268393
 0.1697111396108086
 -0.48565601223046
 -0.1384411636159429
 0.08557647566239372
 -0.2626991355645048
 -0.06619418997167302
 0.06296090858472395
 -0.4199925822631545
 -0.03236770403882712
 -0.05340374478729578
 -0.1859419875538543
 0.06679733464938095
 -0.09113922822300925
 -0.3114172608161676
 0.08793918385882961
 -0.2414209770825303
 -0.2994311855556473
 0.07600479037893818
 -1.015564795132065
 -0.4187248137948691
 0.037856693556263
 -0.2361025387362223
 -0.2512402767942727
 0.1364828335405894
 -0.847451325125727
 -0.5083367935974922
 0.07454264834039237
 -0.4301839661126417
 -0.248910865102186
 0.0323712122846767
 0.4620606881209293
 -0.2175271439802967
 0.1305702271686737
 -0.4229011606479536
 -0.2193297365035838
 0.1736615765823534
 -0.3399645170437564
 0.07281294358494142
 0.1247489680673922
 -0.2777355739923663
 -0.1570585410188762
 0.09419421839142963
 -0.4422192682386854
 0.1129743629323554
 0.05082267871959376
 -0.3667046953347828
 -0.03636827913011383
 0.003828439672034329
 -0.242282575035576
 0.04814395751380015
 -0.02861953293501367
 -0.3476644141422832
 0.08272102851531929
 -0.2031500749136654
 -0.2995649329529321
 0.08206389283419359
 -0.166837456864454
 -0.2466026267666935
 0.06851939142340531
 -0.6914807148852485
 -0.569273801559451
 0.09134394828700972
 -0.2397574397134971
 -0.2499913873882064
 0.06669254118123272
 -0.2334697746563349
 -0.2931045476541744
 0.1038394843522549
 -0.3077183627464334
 -0.2407215692418996
 0.112036795212172
 -0.134074050593859
 -0.1454975944429984
 0.1133234698274497
 -0.1751343040420283
 -0.2175915190247474
 0.1085139988736771
 -0.625298197914346
 1.104843103832932
 0.08038199557455582
 -0.3248177789311525
 -0.1350325894955264
 0.05268378328970255
 -0.2990522760615713
 0.02942489065989543
 0.02811246981899568
 -0.4971455304267112
 -0.05321351809290162
 -0.01100532836412897
 -0.2398491161893525
 -0.04323274564601376
 -0.04272909511999888
 -0.4623956196656884
 0.003107568585932322
 -0.1108142655249692
 -0.4106090081211768
 0.148978809458957
 -0.1580006830369211
 -0.2998493159562989
 0.1939807006515949
 -0.1452990126599105
 -0.2827464568942162
 0.1638312030221923
 -0.2561805686695209
 -0.507817766574748
 0.1491628056023529
 -0.1902403295720783
 -0.211102763633918
 0.1756251849425919
 -0.3945661923070863
 -0.1416399762952545
 0.1162737082816853
 -0.3767843808562907
 0.8072843254759389
 0.1217489605445595
 -0.2956241519277064
 -0.1547241068555986
 0.07610502222758959
 -0.2809019577967513
 0.6136660015256783
 0.04338899877085032
 -0.3140309544816564
 -0.1613491336359934
 0.02139691231798174
 -0.3576419355789288
 -0.07959137389395404
 -0.01559090699390503
 -0.2638480580969827
 0.07695481880333897
 -0.04473286607079582
 -0.4137371321273289
 0.06265876867654735
 -0.2362641079958857
 -0.377497003548762
 -0.0197136380908471
 -0.1766708783961767
 -0.3179300458842617
 -0.02170980603468589
 -0.2904962753120033
 -0.3574904017640353
 -0.007246094308610649
 -0.122147700834477
 -0.02981227353298206
 0.1885124053948443
 -0.3872124753526958
 -0.214656085099573
 0.02238864955850051
 -0.2089539312600568
 -0.3312066673804283
 0.02439213255728529
 -0.457025442980135
 -0.1363205731203324
 0.08061675345773212
 -0.3170855026627844
 -0.1487213376824301
 0.04373980819299597
 -0.311916508950387
 0.126790700732763
 0.05127700466987285
 -0.3583889236080346
 -0.213293414488971
 0.0125092551676094
 -0.2266967099836211
 0.2389262188050979
 0.2021314784951735
 -0.5030887895160374
 0.159837444089686
 -0.07921642258191906
 -0.3136970608987978
 0.009500525103495415
 -0.1364552710139355
 -0.3561774436449047
 -0.01129910322624212
 -0.2216042220273376
 -0.4525230524228121
 0.01234588216655347
 -0.2035268217310207
 -0.3055802191730531
 -0.09703729110155319
 -0.1905767251175166
 -0.08291414769815114
 0.2691468401139538
 -0.2794697936891402
 0.0248330517968235
 0.01335119673510229
 0.05563462969662208
 -0.1586006201001671
 0.03821047289839985
 -0.6040168621595443
 -0.1515783255061536
 0.1590379200934596
 -0.2600712554188285
 0.1170169256185656
 0.1910564123446528
 -0.3836180203997397
 -0.01470024625785229
 0.134074476313428
 -0.3287899912366083
 -0.2292851327349171
 0.05089983736721155
 -0.5138925267120441
 -0.08586303860012734
 -0.01704057546393315
 -0.3773677391819877
 -0.05650906669251635
 -0.05682765455909831
 -0.3957208932932635
 0.07248208542542994
 -0.1600947166588866
 -0.3979116246950229
 0.2210540746022608
 -0.1721437404695995
 -0.2907486429395198
 -0.002221663365132031
 -0.1573885745038998
 -0.5132535433996852
 0.157402529012932
 -0.2703843518300996
 -0.04806454073805511
 -0.2202966881811697
 -0.2492086836773117
 -0.1925595299359009
 0.1888509435650076
 -0.3386422181770961
 -0.3955224522006625
 -0.03116368221721812
 -0.3185036819648204
 0.08196990365928034
 0.06435235001240555
 -0.324311456654682
 0.2041945071968604
 0.1199287901803775
 -0.2609322730275316
 0.09248309468988898
 0.01033129517242719
 -0.1328187118779073
 0.1842589625054009
 -0.02950380458548922
 -0.3981225245502377
 0.2411271941353284
 -0.01731578196500471
 -0.4419484242874787
 -0.03250510300409538
 0.05017396525825112
 -0.3780492137878058
 -0.01940058279377934
 -0.1606013834063234
 -0.3474183548596411
 -0.3579262569981289
 -0.1352104114257196
 -0.3481381253702526
 0.1822360277459977
 -0.2884210582876475
 -0.1934039102785267
 -0.4557654301695994
 -0.2697607946395269
 -0.2531574583018282
 0.1590065521184423
 -0.241315526750281
 0.0278357339063861
 0.2222175766053761
 -0.2887553444827357
 -0.1573497695544769
 -0.3537465038287562
 -0.3427797349622488
 -0.18625599209226
 0.240075706698709
 -0.3493316451309263
 -0.005674694583888523
 -0.04349322246590422
 -0.3544424844991197
 -0.1346067343639928
 0.07485453229860195
 -0.3506215386390281
 0.1802381521520275
 0.03758523231115855
 -0.3684318999131329
 0.1807353893744732
 -0.05673791198385535
 -0.3574272296879797
 -0.176932664407287
 -0.07689434347751273
 -0.3612266012826324
 -0.2359111288712022
 -0.1330372948679216
 -0.3291666769800305
 0.1703509710175662
 -0.2037606165707336
 -0.306753491236595
 -0.08878790061550272
 -0.2069615768715527
 -0.2785522694644313
 0.5984164313005915
 -0.374956775051328
 -0.2309062362219367
 0.08203049699417057
 -0.2073367853184969
 -0.1876972374642668
 -0.1549190795739268
 -0.3831329033808714
 -0.003970905703917892
 0.7831361775655905
 -0.3143812054449056
 -0.100688135013108
 -0.05609717119855007
 -0.354654252159359
